bit: 8 time: 0.0
bit: 16 time: 0.0020003318786621094
bit: 32 time: 0.0019981861114501953
bit: 64 time: 20.536139488220215
