bit: 8 time: 0.0
bit: 16 time: 0.007962226867675781
bit: 32 time: 0.4328451156616211
bit: 64 time: 17.324848175048828
