bit: 8 time: 0.0
bit: 16 time: 0.001983165740966797
bit: 32 time: 0.10702943801879883
bit: 64 time: 17.544935703277588
